0.00000e+00 -5.63590e-19 0.00000e+00 -1.49900e+03 0.00000e+00 0.00000e+00 0.00000e+00 0.00000e+00 0.00000e+00
-1.49009e-19 1.53259e-03 0.00000e+00 -1.49008e+03 1.53336e+19 0.00000e+00 9.82078e-15 -1.89268e-17 0.00000e+00
-2.98017e-19 3.06595e-03 0.00000e+00 -1.49008e+03 1.53336e+19 0.00000e+00 1.22484e-15 -4.72459e-18 0.00000e+00
-4.47025e-19 4.59930e-03 0.00000e+00 -1.49008e+03 1.53336e+19 0.00000e+00 3.62642e-16 -2.09877e-18 0.00000e+00
-5.96033e-19 6.13266e-03 0.00000e+00 -1.49008e+03 1.53336e+19 0.00000e+00 1.52932e-16 -1.18026e-18 0.00000e+00
-7.45041e-19 7.66602e-03 0.00000e+00 -1.49008e+03 1.53336e+19 0.00000e+00 7.82837e-17 -7.55254e-19 0.00000e+00
-8.94049e-19 9.19938e-03 0.00000e+00 -1.49008e+03 1.53336e+19 0.00000e+00 4.52963e-17 -5.24429e-19 0.00000e+00
-1.04306e-18 1.07327e-02 0.00000e+00 -1.49008e+03 1.53336e+19 0.00000e+00 2.85217e-17 -3.85267e-19 0.00000e+00
-1.19207e-18 1.22661e-02 0.00000e+00 -1.49008e+03 1.53336e+19 0.00000e+00 1.91058e-17 -2.94955e-19 0.00000e+00
-1.34107e-18 1.37994e-02 0.00000e+00 -1.49008e+03 1.53336e+19 0.00000e+00 1.34178e-17 -2.33041e-19 0.00000e+00
-1.49008e-18 1.53328e-02 0.00000e+00 -1.49008e+03 1.53336e+19 0.00000e+00 9.78106e-18 -1.88757e-19 0.00000e+00
