0.00000e+00 -5.63590e-15 0.00000e+00 -1.49900e+08 0.00000e+00 0.00000e+00 0.00000e+00 0.00000e+00 0.00000e+00
1.38171e-06 2.76010e-06 0.00000e+00 1.39602e+16 2.77504e+16 0.00000e+00 3.52518e+02 -1.77339e+02 0.00000e+00
2.77773e-06 5.53513e-06 0.00000e+00 1.39602e+16 2.77504e+16 0.00000e+00 4.35933e+01 -2.19302e+01 0.00000e+00
4.17376e-06 8.31017e-06 0.00000e+00 1.39602e+16 2.77504e+16 0.00000e+00 1.28704e+01 -6.47464e+00 0.00000e+00
5.56978e-06 1.10852e-05 0.00000e+00 1.39602e+16 2.77504e+16 0.00000e+00 5.42000e+00 -2.72661e+00 0.00000e+00
6.96581e-06 1.38603e-05 0.00000e+00 1.39602e+16 2.77504e+16 0.00000e+00 2.77207e+00 -1.39453e+00 0.00000e+00
8.36183e-06 1.66353e-05 0.00000e+00 1.39602e+16 2.77504e+16 0.00000e+00 1.60306e+00 -8.06444e-01 0.00000e+00
9.75786e-06 1.94103e-05 0.00000e+00 1.39602e+16 2.77504e+16 0.00000e+00 1.00899e+00 -5.07589e-01 0.00000e+00
1.11539e-05 2.21854e-05 0.00000e+00 1.39602e+16 2.77504e+16 0.00000e+00 6.75688e-01 -3.39915e-01 0.00000e+00
1.25499e-05 2.49604e-05 0.00000e+00 1.39602e+16 2.77504e+16 0.00000e+00 4.74416e-01 -2.38662e-01 0.00000e+00
1.39459e-05 2.77354e-05 0.00000e+00 1.39602e+16 2.77504e+16 0.00000e+00 3.45767e-01 -1.73943e-01 0.00000e+00
