0.00000e+00 -5.63590e-15 0.00000e+00 -1.49900e+06 0.00000e+00 0.00000e+00 0.00000e+00 0.00000e+00 0.00000e+00
-2.02275e-06 -3.71422e-07 0.00000e+00 -2.03004e+16 -3.72055e+15 0.00000e+00 -1.20924e+01 6.59797e+01 0.00000e+00
-4.05280e-06 -7.43476e-07 0.00000e+00 -2.03004e+16 -3.72055e+15 0.00000e+00 -1.50207e+00 8.19575e+00 0.00000e+00
-6.08284e-06 -1.11553e-06 0.00000e+00 -2.03004e+16 -3.72055e+15 0.00000e+00 -4.44127e-01 2.42329e+00 0.00000e+00
-8.11289e-06 -1.48759e-06 0.00000e+00 -2.03004e+16 -3.72055e+15 0.00000e+00 -1.87170e-01 1.02126e+00 0.00000e+00
-1.01429e-05 -1.85964e-06 0.00000e+00 -2.03004e+16 -3.72054e+15 0.00000e+00 -9.57709e-02 5.22556e-01 0.00000e+00
-1.21730e-05 -2.23169e-06 0.00000e+00 -2.03004e+16 -3.72054e+15 0.00000e+00 -5.53998e-02 3.02278e-01 0.00000e+00
-1.42030e-05 -2.60375e-06 0.00000e+00 -2.03004e+16 -3.72054e+15 0.00000e+00 -3.48769e-02 1.90299e-01 0.00000e+00
-1.62331e-05 -2.97580e-06 0.00000e+00 -2.03004e+16 -3.72054e+15 0.00000e+00 -2.33596e-02 1.27457e-01 0.00000e+00
-1.82631e-05 -3.34786e-06 0.00000e+00 -2.03004e+16 -3.72054e+15 0.00000e+00 -1.64033e-02 8.95016e-02 0.00000e+00
-2.02932e-05 -3.71991e-06 0.00000e+00 -2.03004e+16 -3.72054e+15 0.00000e+00 -1.19563e-02 6.52375e-02 0.00000e+00
-2.23232e-05 -4.09197e-06 0.00000e+00 -2.03004e+16 -3.72054e+15 0.00000e+00 -8.98196e-03 4.90083e-02 0.00000e+00
-2.43532e-05 -4.46402e-06 0.00000e+00 -2.03004e+16 -3.72054e+15 0.00000e+00 -6.91774e-03 3.77453e-02 0.00000e+00
-2.63833e-05 -4.83608e-06 0.00000e+00 -2.03004e+16 -3.72054e+15 0.00000e+00 -5.44055e-03 2.96853e-02 0.00000e+00
-2.84133e-05 -5.20813e-06 0.00000e+00 -2.03004e+16 -3.72054e+15 0.00000e+00 -4.35571e-03 2.37661e-02 0.00000e+00
-3.04434e-05 -5.58018e-06 0.00000e+00 -2.03004e+16 -3.72054e+15 0.00000e+00 -3.54114e-03 1.93216e-02 0.00000e+00
-3.24734e-05 -5.95224e-06 0.00000e+00 -2.03004e+16 -3.72054e+15 0.00000e+00 -2.91766e-03 1.59196e-02 0.00000e+00
-3.45035e-05 -6.32429e-06 0.00000e+00 -2.03004e+16 -3.72054e+15 0.00000e+00 -2.43236e-03 1.32717e-02 0.00000e+00
-3.65335e-05 -6.69635e-06 0.00000e+00 -2.03004e+16 -3.72054e+15 0.00000e+00 -2.04899e-03 1.11799e-02 0.00000e+00
-3.85636e-05 -7.06840e-06 0.00000e+00 -2.03004e+16 -3.72054e+15 0.00000e+00 -1.74213e-03 9.50558e-03 0.00000e+00
-4.05936e-05 -7.44046e-06 0.00000e+00 -2.03004e+16 -3.72054e+15 0.00000e+00 -1.49361e-03 8.14958e-03 0.00000e+00
-4.26237e-05 -7.81251e-06 0.00000e+00 -2.03004e+16 -3.72054e+15 0.00000e+00 -1.29019e-03 7.03970e-03 0.00000e+00
-4.46537e-05 -8.18457e-06 0.00000e+00 -2.03004e+16 -3.72054e+15 0.00000e+00 -1.12210e-03 6.12255e-03 0.00000e+00
-4.66837e-05 -8.55662e-06 0.00000e+00 -2.03004e+16 -3.72054e+15 0.00000e+00 -9.81990e-04 5.35804e-03 0.00000e+00
-4.87138e-05 -8.92867e-06 0.00000e+00 -2.03004e+16 -3.72054e+15 0.00000e+00 -8.64265e-04 4.71570e-03 0.00000e+00
-5.07438e-05 -9.30073e-06 0.00000e+00 -2.03004e+16 -3.72054e+15 0.00000e+00 -7.64630e-04 4.17206e-03 0.00000e+00
-5.27739e-05 -9.67278e-06 0.00000e+00 -2.03004e+16 -3.72054e+15 0.00000e+00 -6.79741e-04 3.70888e-03 0.00000e+00
-5.48039e-05 -1.00448e-05 0.00000e+00 -2.03004e+16 -3.72054e+15 0.00000e+00 -6.06966e-04 3.31179e-03 0.00000e+00
-5.68340e-05 -1.04169e-05 0.00000e+00 -2.03004e+16 -3.72054e+15 0.00000e+00 -5.44220e-04 2.96943e-03 0.00000e+00
-5.88640e-05 -1.07889e-05 0.00000e+00 -2.03004e+16 -3.72054e+15 0.00000e+00 -4.89832e-04 2.67268e-03 0.00000e+00
-6.08941e-05 -1.11610e-05 0.00000e+00 -2.03004e+16 -3.72054e+15 0.00000e+00 -4.42457e-04 2.41419e-03 0.00000e+00
-6.29241e-05 -1.15331e-05 0.00000e+00 -2.03004e+16 -3.72054e+15 0.00000e+00 -4.01000e-04 2.18798e-03 0.00000e+00
-6.49541e-05 -1.19051e-05 0.00000e+00 -2.03004e+16 -3.72054e+15 0.00000e+00 -3.64564e-04 1.98918e-03 0.00000e+00
-6.69842e-05 -1.22772e-05 0.00000e+00 -2.03004e+16 -3.72054e+15 0.00000e+00 -3.32412e-04 1.81374e-03 0.00000e+00
-6.90142e-05 -1.26492e-05 0.00000e+00 -2.03004e+16 -3.72054e+15 0.00000e+00 -3.03933e-04 1.65835e-03 0.00000e+00
-7.10443e-05 -1.30213e-05 0.00000e+00 -2.03004e+16 -3.72054e+15 0.00000e+00 -2.78615e-04 1.52021e-03 0.00000e+00
-7.30743e-05 -1.33933e-05 0.00000e+00 -2.03004e+16 -3.72054e+15 0.00000e+00 -2.56034e-04 1.39700e-03 0.00000e+00
-7.51044e-05 -1.37654e-05 0.00000e+00 -2.03004e+16 -3.72054e+15 0.00000e+00 -2.35828e-04 1.28675e-03 0.00000e+00
-7.71344e-05 -1.41374e-05 0.00000e+00 -2.03004e+16 -3.72054e+15 0.00000e+00 -2.17694e-04 1.18781e-03 0.00000e+00
-7.91645e-05 -1.45095e-05 0.00000e+00 -2.03004e+16 -3.72054e+15 0.00000e+00 -2.01372e-04 1.09875e-03 0.00000e+00
-8.11945e-05 -1.48815e-05 0.00000e+00 -2.03004e+16 -3.72054e+15 0.00000e+00 -1.86642e-04 1.01838e-03 0.00000e+00
-8.32245e-05 -1.52536e-05 0.00000e+00 -2.03004e+16 -3.72054e+15 0.00000e+00 -1.73315e-04 9.45658e-04 0.00000e+00
-8.52546e-05 -1.56257e-05 0.00000e+00 -2.03004e+16 -3.72054e+15 0.00000e+00 -1.61226e-04 8.79700e-04 0.00000e+00
-8.72846e-05 -1.59977e-05 0.00000e+00 -2.03004e+16 -3.72054e+15 0.00000e+00 -1.50236e-04 8.19736e-04 0.00000e+00
-8.93147e-05 -1.63698e-05 0.00000e+00 -2.03004e+16 -3.72054e+15 0.00000e+00 -1.40223e-04 7.65101e-04 0.00000e+00
-9.13447e-05 -1.67418e-05 0.00000e+00 -2.03004e+16 -3.72054e+15 0.00000e+00 -1.31080e-04 7.15214e-04 0.00000e+00
-9.33748e-05 -1.71139e-05 0.00000e+00 -2.03004e+16 -3.72054e+15 0.00000e+00 -1.22715e-04 6.69573e-04 0.00000e+00
-9.54048e-05 -1.74859e-05 0.00000e+00 -2.03004e+16 -3.72054e+15 0.00000e+00 -1.15047e-04 6.27733e-04 0.00000e+00
-9.74349e-05 -1.78580e-05 0.00000e+00 -2.03004e+16 -3.72054e+15 0.00000e+00 -1.08005e-04 5.89308e-04 0.00000e+00
-9.94649e-05 -1.82300e-05 0.00000e+00 -2.03004e+16 -3.72054e+15 0.00000e+00 -1.01526e-04 5.53957e-04 0.00000e+00
-1.01495e-04 -1.86021e-05 0.00000e+00 -2.03004e+16 -3.72054e+15 0.00000e+00 -9.55548e-05 5.21377e-04 0.00000e+00
-1.03525e-04 -1.89741e-05 0.00000e+00 -2.03004e+16 -3.72054e+15 0.00000e+00 -9.00430e-05 4.91303e-04 0.00000e+00
-1.05555e-04 -1.93462e-05 0.00000e+00 -2.03004e+16 -3.72054e+15 0.00000e+00 -8.49471e-05 4.63498e-04 0.00000e+00
-1.07585e-04 -1.97183e-05 0.00000e+00 -2.03004e+16 -3.72054e+15 0.00000e+00 -8.02285e-05 4.37752e-04 0.00000e+00
-1.09615e-04 -2.00903e-05 0.00000e+00 -2.03004e+16 -3.72054e+15 0.00000e+00 -7.58531e-05 4.13878e-04 0.00000e+00
-1.11645e-04 -2.04624e-05 0.00000e+00 -2.03004e+16 -3.72054e+15 0.00000e+00 -7.17901e-05 3.91709e-04 0.00000e+00
-1.13675e-04 -2.08344e-05 0.00000e+00 -2.03004e+16 -3.72054e+15 0.00000e+00 -6.80122e-05 3.71096e-04 0.00000e+00
-1.15705e-04 -2.12065e-05 0.00000e+00 -2.03004e+16 -3.72054e+15 0.00000e+00 -6.44948e-05 3.51904e-04 0.00000e+00
-1.17735e-04 -2.15785e-05 0.00000e+00 -2.03004e+16 -3.72054e+15 0.00000e+00 -6.12158e-05 3.34013e-04 0.00000e+00
-1.19765e-04 -2.19506e-05 0.00000e+00 -2.03004e+16 -3.72054e+15 0.00000e+00 -5.81554e-05 3.17314e-04 0.00000e+00
-1.21795e-04 -2.23226e-05 0.00000e+00 -2.03004e+16 -3.72054e+15 0.00000e+00 -5.52956e-05 3.01710e-04 0.00000e+00
-1.23825e-04 -2.26947e-05 0.00000e+00 -2.03004e+16 -3.72054e+15 0.00000e+00 -5.26203e-05 2.87113e-04 0.00000e+00
-1.25855e-04 -2.30667e-05 0.00000e+00 -2.03004e+16 -3.72054e+15 0.00000e+00 -5.01149e-05 2.73442e-04 0.00000e+00
-1.27886e-04 -2.34388e-05 0.00000e+00 -2.03004e+16 -3.72054e+15 0.00000e+00 -4.77660e-05 2.60626e-04 0.00000e+00
-1.29916e-04 -2.38109e-05 0.00000e+00 -2.03004e+16 -3.72054e+15 0.00000e+00 -4.55616e-05 2.48598e-04 0.00000e+00
-1.31946e-04 -2.41829e-05 0.00000e+00 -2.03004e+16 -3.72054e+15 0.00000e+00 -4.34908e-05 2.37299e-04 0.00000e+00
-1.33976e-04 -2.45550e-05 0.00000e+00 -2.03004e+16 -3.72054e+15 0.00000e+00 -4.15436e-05 2.26675e-04 0.00000e+00
-1.36006e-04 -2.49270e-05 0.00000e+00 -2.03004e+16 -3.72054e+15 0.00000e+00 -3.97110e-05 2.16675e-04 0.00000e+00
-1.38036e-04 -2.52991e-05 0.00000e+00 -2.03004e+16 -3.72054e+15 0.00000e+00 -3.79846e-05 2.07256e-04 0.00000e+00
-1.40066e-04 -2.56711e-05 0.00000e+00 -2.03004e+16 -3.72054e+15 0.00000e+00 -3.63568e-05 1.98374e-04 0.00000e+00
-1.42096e-04 -2.60432e-05 0.00000e+00 -2.03004e+16 -3.72054e+15 0.00000e+00 -3.48207e-05 1.89993e-04 0.00000e+00
-1.44126e-04 -2.64152e-05 0.00000e+00 -2.03004e+16 -3.72054e+15 0.00000e+00 -3.33699e-05 1.82077e-04 0.00000e+00
-1.46156e-04 -2.67873e-05 0.00000e+00 -2.03004e+16 -3.72054e+15 0.00000e+00 -3.19987e-05 1.74595e-04 0.00000e+00
-1.48186e-04 -2.71593e-05 0.00000e+00 -2.03004e+16 -3.72054e+15 0.00000e+00 -3.07015e-05 1.67517e-04 0.00000e+00
-1.50216e-04 -2.75314e-05 0.00000e+00 -2.03004e+16 -3.72054e+15 0.00000e+00 -2.94735e-05 1.60817e-04 0.00000e+00
-1.52246e-04 -2.79035e-05 0.00000e+00 -2.03004e+16 -3.72054e+15 0.00000e+00 -2.83102e-05 1.54469e-04 0.00000e+00
-1.54276e-04 -2.82755e-05 0.00000e+00 -2.03004e+16 -3.72054e+15 0.00000e+00 -2.72072e-05 1.48451e-04 0.00000e+00
-1.56306e-04 -2.86476e-05 0.00000e+00 -2.03004e+16 -3.72054e+15 0.00000e+00 -2.61609e-05 1.42742e-04 0.00000e+00
-1.58336e-04 -2.90196e-05 0.00000e+00 -2.03004e+16 -3.72054e+15 0.00000e+00 -2.51675e-05 1.37322e-04 0.00000e+00
-1.60366e-04 -2.93917e-05 0.00000e+00 -2.03004e+16 -3.72054e+15 0.00000e+00 -2.42238e-05 1.32172e-04 0.00000e+00
-1.62396e-04 -2.97637e-05 0.00000e+00 -2.03004e+16 -3.72054e+15 0.00000e+00 -2.33266e-05 1.27277e-04 0.00000e+00
-1.64426e-04 -3.01358e-05 0.00000e+00 -2.03004e+16 -3.72054e+15 0.00000e+00 -2.24733e-05 1.22621e-04 0.00000e+00
-1.66456e-04 -3.05078e-05 0.00000e+00 -2.03004e+16 -3.72054e+15 0.00000e+00 -2.16610e-05 1.18189e-04 0.00000e+00
-1.68486e-04 -3.08799e-05 0.00000e+00 -2.03004e+16 -3.72054e+15 0.00000e+00 -2.08874e-05 1.13968e-04 0.00000e+00
-1.70516e-04 -3.12519e-05 0.00000e+00 -2.03004e+16 -3.72054e+15 0.00000e+00 -2.01503e-05 1.09946e-04 0.00000e+00
-1.72547e-04 -3.16240e-05 0.00000e+00 -2.03004e+16 -3.72054e+15 0.00000e+00 -1.94474e-05 1.06111e-04 0.00000e+00
-1.74577e-04 -3.19961e-05 0.00000e+00 -2.03004e+16 -3.72054e+15 0.00000e+00 -1.87768e-05 1.02452e-04 0.00000e+00
-1.76607e-04 -3.23681e-05 0.00000e+00 -2.03004e+16 -3.72054e+15 0.00000e+00 -1.81367e-05 9.89595e-05 0.00000e+00
-1.78637e-04 -3.27402e-05 0.00000e+00 -2.03004e+16 -3.72054e+15 0.00000e+00 -1.75254e-05 9.56240e-05 0.00000e+00
-1.80667e-04 -3.31122e-05 0.00000e+00 -2.03004e+16 -3.72054e+15 0.00000e+00 -1.69412e-05 9.24366e-05 0.00000e+00
-1.82697e-04 -3.34843e-05 0.00000e+00 -2.03004e+16 -3.72054e+15 0.00000e+00 -1.63827e-05 8.93894e-05 0.00000e+00
-1.84727e-04 -3.38563e-05 0.00000e+00 -2.03004e+16 -3.72054e+15 0.00000e+00 -1.58485e-05 8.64746e-05 0.00000e+00
-1.86757e-04 -3.42284e-05 0.00000e+00 -2.03004e+16 -3.72054e+15 0.00000e+00 -1.53373e-05 8.36852e-05 0.00000e+00
-1.88787e-04 -3.46004e-05 0.00000e+00 -2.03004e+16 -3.72054e+15 0.00000e+00 -1.48478e-05 8.10145e-05 0.00000e+00
-1.90817e-04 -3.49725e-05 0.00000e+00 -2.03004e+16 -3.72054e+15 0.00000e+00 -1.43790e-05 7.84562e-05 0.00000e+00
-1.92847e-04 -3.53445e-05 0.00000e+00 -2.03004e+16 -3.72054e+15 0.00000e+00 -1.39297e-05 7.60045e-05 0.00000e+00
-1.94877e-04 -3.57166e-05 0.00000e+00 -2.03004e+16 -3.72054e+15 0.00000e+00 -1.34988e-05 7.36539e-05 0.00000e+00
-1.96907e-04 -3.60887e-05 0.00000e+00 -2.03004e+16 -3.72054e+15 0.00000e+00 -1.30856e-05 7.13993e-05 0.00000e+00
-1.98937e-04 -3.64607e-05 0.00000e+00 -2.03004e+16 -3.72054e+15 0.00000e+00 -1.26891e-05 6.92357e-05 0.00000e+00
-2.00967e-04 -3.68328e-05 0.00000e+00 -2.03004e+16 -3.72054e+15 0.00000e+00 -1.23084e-05 6.71587e-05 0.00000e+00
-2.02997e-04 -3.72048e-05 0.00000e+00 -2.03004e+16 -3.72054e+15 0.00000e+00 -1.19429e-05 6.51639e-05 0.00000e+00
