0.00000e+00 5.63590e-15 0.00000e+00 1.49900e+03 0.00000e+00 0.00000e+00 0.00000e+00 0.00000e+00 0.00000e+00
1.47656e-07 -1.89889e-07 0.00000e+00 1.46660e+15 -1.92152e+15 0.00000e+00 -1.43075e+03 -1.09202e+03 0.00000e+00
2.94312e-07 -3.82043e-07 0.00000e+00 1.46654e+15 -1.92156e+15 0.00000e+00 -1.78074e+02 -1.35907e+02 0.00000e+00
4.40965e-07 -5.74200e-07 0.00000e+00 1.46653e+15 -1.92157e+15 0.00000e+00 -5.26861e+01 -4.02097e+01 0.00000e+00
5.87618e-07 -7.66357e-07 0.00000e+00 1.46653e+15 -1.92157e+15 0.00000e+00 -2.22107e+01 -1.69510e+01 0.00000e+00
7.34271e-07 -9.58514e-07 0.00000e+00 1.46652e+15 -1.92157e+15 0.00000e+00 -1.13669e+01 -8.67509e+00 0.00000e+00
8.80923e-07 -1.15067e-06 0.00000e+00 1.46652e+15 -1.92157e+15 0.00000e+00 -6.57613e+00 -5.01883e+00 0.00000e+00
1.02758e-06 -1.34283e-06 0.00000e+00 1.46652e+15 -1.92158e+15 0.00000e+00 -4.14037e+00 -3.15988e+00 0.00000e+00
1.17423e-06 -1.53499e-06 0.00000e+00 1.46652e+15 -1.92158e+15 0.00000e+00 -2.77329e+00 -2.11654e+00 0.00000e+00
1.32088e-06 -1.72714e-06 0.00000e+00 1.46652e+15 -1.92158e+15 0.00000e+00 -1.94753e+00 -1.48633e+00 0.00000e+00
1.46753e-06 -1.91930e-06 0.00000e+00 1.46652e+15 -1.92158e+15 0.00000e+00 -1.41961e+00 -1.08343e+00 0.00000e+00
1.61418e-06 -2.11146e-06 0.00000e+00 1.46652e+15 -1.92158e+15 0.00000e+00 -1.06649e+00 -8.13930e-01 0.00000e+00
1.76084e-06 -2.30362e-06 0.00000e+00 1.46652e+15 -1.92158e+15 0.00000e+00 -8.21412e-01 -6.26891e-01 0.00000e+00
1.90749e-06 -2.49577e-06 0.00000e+00 1.46652e+15 -1.92158e+15 0.00000e+00 -6.46026e-01 -4.93039e-01 0.00000e+00
2.05414e-06 -2.68793e-06 0.00000e+00 1.46652e+15 -1.92158e+15 0.00000e+00 -5.17220e-01 -3.94735e-01 0.00000e+00
2.20079e-06 -2.88009e-06 0.00000e+00 1.46652e+15 -1.92158e+15 0.00000e+00 -4.20501e-01 -3.20921e-01 0.00000e+00
2.34745e-06 -3.07225e-06 0.00000e+00 1.46652e+15 -1.92158e+15 0.00000e+00 -3.46469e-01 -2.64421e-01 0.00000e+00
2.49410e-06 -3.26441e-06 0.00000e+00 1.46652e+15 -1.92158e+15 0.00000e+00 -2.88844e-01 -2.20442e-01 0.00000e+00
2.64075e-06 -3.45656e-06 0.00000e+00 1.46652e+15 -1.92158e+15 0.00000e+00 -2.43322e-01 -1.85700e-01 0.00000e+00
2.78740e-06 -3.64872e-06 0.00000e+00 1.46652e+15 -1.92158e+15 0.00000e+00 -2.06884e-01 -1.57891e-01 0.00000e+00
2.93405e-06 -3.84088e-06 0.00000e+00 1.46652e+15 -1.92158e+15 0.00000e+00 -1.77373e-01 -1.35369e-01 0.00000e+00
3.08071e-06 -4.03304e-06 0.00000e+00 1.46652e+15 -1.92158e+15 0.00000e+00 -1.53218e-01 -1.16934e-01 0.00000e+00
3.22736e-06 -4.22519e-06 0.00000e+00 1.46652e+15 -1.92158e+15 0.00000e+00 -1.33257e-01 -1.01700e-01 0.00000e+00
3.37401e-06 -4.41735e-06 0.00000e+00 1.46652e+15 -1.92158e+15 0.00000e+00 -1.16619e-01 -8.90019e-02 0.00000e+00
3.52066e-06 -4.60951e-06 0.00000e+00 1.46652e+15 -1.92158e+15 0.00000e+00 -1.02639e-01 -7.83325e-02 0.00000e+00
3.66732e-06 -4.80167e-06 0.00000e+00 1.46652e+15 -1.92158e+15 0.00000e+00 -9.08068e-02 -6.93026e-02 0.00000e+00
3.81397e-06 -4.99382e-06 0.00000e+00 1.46652e+15 -1.92158e+15 0.00000e+00 -8.07258e-02 -6.16089e-02 0.00000e+00
3.96062e-06 -5.18598e-06 0.00000e+00 1.46652e+15 -1.92158e+15 0.00000e+00 -7.20835e-02 -5.50132e-02 0.00000e+00
4.10727e-06 -5.37814e-06 0.00000e+00 1.46652e+15 -1.92158e+15 0.00000e+00 -6.46321e-02 -4.93263e-02 0.00000e+00
4.25392e-06 -5.57030e-06 0.00000e+00 1.46652e+15 -1.92158e+15 0.00000e+00 -5.81733e-02 -4.43971e-02 0.00000e+00
4.40058e-06 -5.76245e-06 0.00000e+00 1.46652e+15 -1.92158e+15 0.00000e+00 -5.25471e-02 -4.01033e-02 0.00000e+00
4.54723e-06 -5.95461e-06 0.00000e+00 1.46652e+15 -1.92158e+15 0.00000e+00 -4.76238e-02 -3.63458e-02 0.00000e+00
4.69388e-06 -6.14677e-06 0.00000e+00 1.46652e+15 -1.92158e+15 0.00000e+00 -4.32967e-02 -3.30435e-02 0.00000e+00
4.84053e-06 -6.33893e-06 0.00000e+00 1.46652e+15 -1.92158e+15 0.00000e+00 -3.94784e-02 -3.01294e-02 0.00000e+00
4.98718e-06 -6.53108e-06 0.00000e+00 1.46652e+15 -1.92158e+15 0.00000e+00 -3.60962e-02 -2.75481e-02 0.00000e+00
5.13384e-06 -6.72324e-06 0.00000e+00 1.46652e+15 -1.92158e+15 0.00000e+00 -3.30895e-02 -2.52535e-02 0.00000e+00
5.28049e-06 -6.91540e-06 0.00000e+00 1.46652e+15 -1.92158e+15 0.00000e+00 -3.04077e-02 -2.32068e-02 0.00000e+00
5.42714e-06 -7.10756e-06 0.00000e+00 1.46652e+15 -1.92158e+15 0.00000e+00 -2.80081e-02 -2.13754e-02 0.00000e+00
5.57379e-06 -7.29972e-06 0.00000e+00 1.46652e+15 -1.92158e+15 0.00000e+00 -2.58544e-02 -1.97318e-02 0.00000e+00
5.72045e-06 -7.49187e-06 0.00000e+00 1.46652e+15 -1.92158e+15 0.00000e+00 -2.39161e-02 -1.82524e-02 0.00000e+00
5.86710e-06 -7.68403e-06 0.00000e+00 1.46652e+15 -1.92158e+15 0.00000e+00 -2.21667e-02 -1.69173e-02 0.00000e+00
6.01375e-06 -7.87619e-06 0.00000e+00 1.46652e+15 -1.92158e+15 0.00000e+00 -2.05839e-02 -1.57093e-02 0.00000e+00
6.16040e-06 -8.06835e-06 0.00000e+00 1.46652e+15 -1.92158e+15 0.00000e+00 -1.91482e-02 -1.46137e-02 0.00000e+00
6.30705e-06 -8.26050e-06 0.00000e+00 1.46652e+15 -1.92158e+15 0.00000e+00 -1.78430e-02 -1.36176e-02 0.00000e+00
6.45371e-06 -8.45266e-06 0.00000e+00 1.46652e+15 -1.92158e+15 0.00000e+00 -1.66538e-02 -1.27100e-02 0.00000e+00
6.60036e-06 -8.64482e-06 0.00000e+00 1.46652e+15 -1.92158e+15 0.00000e+00 -1.55680e-02 -1.18813e-02 0.00000e+00
6.74701e-06 -8.83698e-06 0.00000e+00 1.46652e+15 -1.92158e+15 0.00000e+00 -1.45745e-02 -1.11231e-02 0.00000e+00
6.89366e-06 -9.02913e-06 0.00000e+00 1.46652e+15 -1.92158e+15 0.00000e+00 -1.36638e-02 -1.04281e-02 0.00000e+00
7.04031e-06 -9.22129e-06 0.00000e+00 1.46652e+15 -1.92158e+15 0.00000e+00 -1.28275e-02 -9.78976e-03 0.00000e+00
7.18697e-06 -9.41345e-06 0.00000e+00 1.46652e+15 -1.92158e+15 0.00000e+00 -1.20580e-02 -9.20250e-03 0.00000e+00
7.33362e-06 -9.60561e-06 0.00000e+00 1.46652e+15 -1.92158e+15 0.00000e+00 -1.13488e-02 -8.66129e-03 0.00000e+00
7.48027e-06 -9.79776e-06 0.00000e+00 1.46652e+15 -1.92158e+15 0.00000e+00 -1.06942e-02 -8.16170e-03 0.00000e+00
7.62692e-06 -9.98992e-06 0.00000e+00 1.46652e+15 -1.92158e+15 0.00000e+00 -1.00890e-02 -7.69980e-03 0.00000e+00
7.77358e-06 -1.01821e-05 0.00000e+00 1.46652e+15 -1.92158e+15 0.00000e+00 -9.52861e-03 -7.27211e-03 0.00000e+00
7.92023e-06 -1.03742e-05 0.00000e+00 1.46652e+15 -1.92158e+15 0.00000e+00 -9.00896e-03 -6.87552e-03 0.00000e+00
8.06688e-06 -1.05664e-05 0.00000e+00 1.46652e+15 -1.92158e+15 0.00000e+00 -8.52642e-03 -6.50725e-03 0.00000e+00
8.21353e-06 -1.07586e-05 0.00000e+00 1.46652e+15 -1.92158e+15 0.00000e+00 -8.07773e-03 -6.16482e-03 0.00000e+00
8.36018e-06 -1.09507e-05 0.00000e+00 1.46652e+15 -1.92158e+15 0.00000e+00 -7.65998e-03 -5.84600e-03 0.00000e+00
8.50684e-06 -1.11429e-05 0.00000e+00 1.46652e+15 -1.92158e+15 0.00000e+00 -7.27055e-03 -5.54879e-03 0.00000e+00
8.65349e-06 -1.13350e-05 0.00000e+00 1.46652e+15 -1.92158e+15 0.00000e+00 -6.90707e-03 -5.27138e-03 0.00000e+00
8.80014e-06 -1.15272e-05 0.00000e+00 1.46652e+15 -1.92158e+15 0.00000e+00 -6.56742e-03 -5.01217e-03 0.00000e+00
8.94679e-06 -1.17193e-05 0.00000e+00 1.46652e+15 -1.92158e+15 0.00000e+00 -6.24969e-03 -4.76968e-03 0.00000e+00
9.09345e-06 -1.19115e-05 0.00000e+00 1.46652e+15 -1.92158e+15 0.00000e+00 -5.95212e-03 -4.54258e-03 0.00000e+00
9.24010e-06 -1.21037e-05 0.00000e+00 1.46652e+15 -1.92158e+15 0.00000e+00 -5.67315e-03 -4.32967e-03 0.00000e+00
9.38675e-06 -1.22958e-05 0.00000e+00 1.46652e+15 -1.92158e+15 0.00000e+00 -5.41134e-03 -4.12986e-03 0.00000e+00
9.53340e-06 -1.24880e-05 0.00000e+00 1.46652e+15 -1.92158e+15 0.00000e+00 -5.16540e-03 -3.94216e-03 0.00000e+00
9.68005e-06 -1.26801e-05 0.00000e+00 1.46652e+15 -1.92158e+15 0.00000e+00 -4.93414e-03 -3.76567e-03 0.00000e+00
9.82671e-06 -1.28723e-05 0.00000e+00 1.46652e+15 -1.92158e+15 0.00000e+00 -4.71648e-03 -3.59955e-03 0.00000e+00
9.97336e-06 -1.30644e-05 0.00000e+00 1.46652e+15 -1.92158e+15 0.00000e+00 -4.51143e-03 -3.44307e-03 0.00000e+00
1.01200e-05 -1.32566e-05 0.00000e+00 1.46652e+15 -1.92158e+15 0.00000e+00 -4.31810e-03 -3.29552e-03 0.00000e+00
1.02667e-05 -1.34488e-05 0.00000e+00 1.46652e+15 -1.92158e+15 0.00000e+00 -4.13567e-03 -3.15629e-03 0.00000e+00
1.04133e-05 -1.36409e-05 0.00000e+00 1.46652e+15 -1.92158e+15 0.00000e+00 -3.96336e-03 -3.02479e-03 0.00000e+00
1.05600e-05 -1.38331e-05 0.00000e+00 1.46652e+15 -1.92158e+15 0.00000e+00 -3.80050e-03 -2.90049e-03 0.00000e+00
1.07066e-05 -1.40252e-05 0.00000e+00 1.46652e+15 -1.92158e+15 0.00000e+00 -3.64644e-03 -2.78291e-03 0.00000e+00
1.08533e-05 -1.42174e-05 0.00000e+00 1.46652e+15 -1.92158e+15 0.00000e+00 -3.50059e-03 -2.67161e-03 0.00000e+00
1.09999e-05 -1.44095e-05 0.00000e+00 1.46652e+15 -1.92158e+15 0.00000e+00 -3.36242e-03 -2.56616e-03 0.00000e+00
1.11466e-05 -1.46017e-05 0.00000e+00 1.46652e+15 -1.92158e+15 0.00000e+00 -3.23143e-03 -2.46618e-03 0.00000e+00
1.12932e-05 -1.47939e-05 0.00000e+00 1.46652e+15 -1.92158e+15 0.00000e+00 -3.10715e-03 -2.37134e-03 0.00000e+00
1.14399e-05 -1.49860e-05 0.00000e+00 1.46652e+15 -1.92158e+15 0.00000e+00 -2.98917e-03 -2.28129e-03 0.00000e+00
1.15865e-05 -1.51782e-05 0.00000e+00 1.46652e+15 -1.92158e+15 0.00000e+00 -2.87708e-03 -2.19575e-03 0.00000e+00
1.17332e-05 -1.53703e-05 0.00000e+00 1.46652e+15 -1.92158e+15 0.00000e+00 -2.77053e-03 -2.11443e-03 0.00000e+00
1.18798e-05 -1.55625e-05 0.00000e+00 1.46652e+15 -1.92158e+15 0.00000e+00 -2.66918e-03 -2.03708e-03 0.00000e+00
1.20265e-05 -1.57547e-05 0.00000e+00 1.46652e+15 -1.92158e+15 0.00000e+00 -2.57271e-03 -1.96345e-03 0.00000e+00
1.21731e-05 -1.59468e-05 0.00000e+00 1.46652e+15 -1.92158e+15 0.00000e+00 -2.48083e-03 -1.89334e-03 0.00000e+00
1.23198e-05 -1.61390e-05 0.00000e+00 1.46652e+15 -1.92158e+15 0.00000e+00 -2.39328e-03 -1.82652e-03 0.00000e+00
1.24664e-05 -1.63311e-05 0.00000e+00 1.46652e+15 -1.92158e+15 0.00000e+00 -2.30979e-03 -1.76280e-03 0.00000e+00
1.26131e-05 -1.65233e-05 0.00000e+00 1.46652e+15 -1.92158e+15 0.00000e+00 -2.23015e-03 -1.70202e-03 0.00000e+00
1.27597e-05 -1.67154e-05 0.00000e+00 1.46652e+15 -1.92158e+15 0.00000e+00 -2.15413e-03 -1.64400e-03 0.00000e+00
1.29064e-05 -1.69076e-05 0.00000e+00 1.46652e+15 -1.92158e+15 0.00000e+00 -2.08152e-03 -1.58859e-03 0.00000e+00
1.30531e-05 -1.70998e-05 0.00000e+00 1.46652e+15 -1.92158e+15 0.00000e+00 -2.01214e-03 -1.53564e-03 0.00000e+00
1.31997e-05 -1.72919e-05 0.00000e+00 1.46652e+15 -1.92158e+15 0.00000e+00 -1.94581e-03 -1.48501e-03 0.00000e+00
1.33464e-05 -1.74841e-05 0.00000e+00 1.46652e+15 -1.92158e+15 0.00000e+00 -1.88236e-03 -1.43659e-03 0.00000e+00
1.34930e-05 -1.76762e-05 0.00000e+00 1.46652e+15 -1.92158e+15 0.00000e+00 -1.82164e-03 -1.39025e-03 0.00000e+00
1.36397e-05 -1.78684e-05 0.00000e+00 1.46652e+15 -1.92158e+15 0.00000e+00 -1.76351e-03 -1.34589e-03 0.00000e+00
1.37863e-05 -1.80605e-05 0.00000e+00 1.46652e+15 -1.92158e+15 0.00000e+00 -1.70782e-03 -1.30339e-03 0.00000e+00
1.39330e-05 -1.82527e-05 0.00000e+00 1.46652e+15 -1.92158e+15 0.00000e+00 -1.65445e-03 -1.26266e-03 0.00000e+00
1.40796e-05 -1.84449e-05 0.00000e+00 1.46652e+15 -1.92158e+15 0.00000e+00 -1.60329e-03 -1.22361e-03 0.00000e+00
1.42263e-05 -1.86370e-05 0.00000e+00 1.46652e+15 -1.92158e+15 0.00000e+00 -1.55421e-03 -1.18615e-03 0.00000e+00
1.43729e-05 -1.88292e-05 0.00000e+00 1.46652e+15 -1.92158e+15 0.00000e+00 -1.50711e-03 -1.15021e-03 0.00000e+00
1.45196e-05 -1.90213e-05 0.00000e+00 1.46652e+15 -1.92158e+15 0.00000e+00 -1.46190e-03 -1.11570e-03 0.00000e+00
1.46662e-05 -1.92135e-05 0.00000e+00 1.46652e+15 -1.92158e+15 0.00000e+00 -1.41848e-03 -1.08257e-03 0.00000e+00
