0.00000e+00 -5.63590e-17 0.00000e+00 -1.49900e+03 0.00000e+00 0.00000e+00 0.00000e+00 0.00000e+00 0.00000e+00
1.24587e-15 1.53259e-07 0.00000e+00 1.26471e+07 1.53336e+15 0.00000e+00 2.35567e-05 -1.89287e-09 0.00000e+00
2.51065e-15 3.06595e-07 0.00000e+00 1.26481e+07 1.53336e+15 0.00000e+00 2.95887e-06 -4.72483e-10 0.00000e+00
3.77547e-15 4.59930e-07 0.00000e+00 1.26483e+07 1.53336e+15 0.00000e+00 8.78116e-07 -2.09884e-10 0.00000e+00
5.04031e-15 6.13266e-07 0.00000e+00 1.26484e+07 1.53336e+15 0.00000e+00 3.70753e-07 -1.18029e-10 0.00000e+00
6.30514e-15 7.66602e-07 0.00000e+00 1.26484e+07 1.53336e+15 0.00000e+00 1.89917e-07 -7.55269e-11 0.00000e+00
7.56998e-15 9.19938e-07 0.00000e+00 1.26484e+07 1.53336e+15 0.00000e+00 1.09941e-07 -5.24438e-11 0.00000e+00
8.83482e-15 1.07327e-06 0.00000e+00 1.26484e+07 1.53336e+15 0.00000e+00 6.92500e-08 -3.85273e-11 0.00000e+00
1.00997e-14 1.22661e-06 0.00000e+00 1.26484e+07 1.53336e+15 0.00000e+00 4.64001e-08 -2.94958e-11 0.00000e+00
1.13645e-14 1.37994e-06 0.00000e+00 1.26484e+07 1.53336e+15 0.00000e+00 3.25926e-08 -2.33044e-11 0.00000e+00
1.26294e-14 1.53328e-06 0.00000e+00 1.26484e+07 1.53336e+15 0.00000e+00 2.37626e-08 -1.88759e-11 0.00000e+00
