0.00000e+00 -5.63590e-29 0.00000e+00 0.00000e+00 0.00000e+00 0.00000e+00 0.00000e+00 0.00000e+00 0.00000e+00
0.00000e+00 1.53259e+17 0.00000e+00 0.00000e+00 1.53336e+39 0.00000e+00 0.00000e+00 -1.89268e-57 0.00000e+00
0.00000e+00 3.06595e+17 0.00000e+00 0.00000e+00 1.53336e+39 0.00000e+00 0.00000e+00 -4.72459e-58 0.00000e+00
0.00000e+00 4.59930e+17 0.00000e+00 0.00000e+00 1.53336e+39 0.00000e+00 0.00000e+00 -2.09877e-58 0.00000e+00
0.00000e+00 6.13266e+17 0.00000e+00 0.00000e+00 1.53336e+39 0.00000e+00 0.00000e+00 -1.18026e-58 0.00000e+00
0.00000e+00 7.66602e+17 0.00000e+00 0.00000e+00 1.53336e+39 0.00000e+00 0.00000e+00 -7.55254e-59 0.00000e+00
0.00000e+00 9.19938e+17 0.00000e+00 0.00000e+00 1.53336e+39 0.00000e+00 0.00000e+00 -5.24429e-59 0.00000e+00
0.00000e+00 1.07327e+18 0.00000e+00 0.00000e+00 1.53336e+39 0.00000e+00 0.00000e+00 -3.85267e-59 0.00000e+00
0.00000e+00 1.22661e+18 0.00000e+00 0.00000e+00 1.53336e+39 0.00000e+00 0.00000e+00 -2.94955e-59 0.00000e+00
0.00000e+00 1.37994e+18 0.00000e+00 0.00000e+00 1.53336e+39 0.00000e+00 0.00000e+00 -2.33041e-59 0.00000e+00
0.00000e+00 1.53328e+18 0.00000e+00 0.00000e+00 1.53336e+39 0.00000e+00 0.00000e+00 -1.88757e-59 0.00000e+00
