0.00000e+00 -5.63590e-15 0.00000e+00 -1.49900e+07 0.00000e+00 0.00000e+00 0.00000e+00 0.00000e+00 0.00000e+00
-9.26771e-07 4.25305e-06 0.00000e+00 -9.29830e+15 4.28303e+16 0.00000e+00 1.51994e+02 3.29974e+01 0.00000e+00
-1.85660e-06 8.53607e-06 0.00000e+00 -9.29830e+15 4.28303e+16 0.00000e+00 1.87808e+01 4.07723e+00 0.00000e+00
-2.78643e-06 1.28191e-05 0.00000e+00 -9.29829e+15 4.28303e+16 0.00000e+00 5.54330e+00 1.20343e+00 0.00000e+00
-3.71626e-06 1.71021e-05 0.00000e+00 -9.29829e+15 4.28303e+16 0.00000e+00 2.33409e+00 5.06723e-01 0.00000e+00
-4.64609e-06 2.13852e-05 0.00000e+00 -9.29829e+15 4.28303e+16 0.00000e+00 1.19368e+00 2.59143e-01 0.00000e+00
-5.57592e-06 2.56682e-05 0.00000e+00 -9.29829e+15 4.28303e+16 0.00000e+00 6.90256e-01 1.49852e-01 0.00000e+00
-6.50575e-06 2.99512e-05 0.00000e+00 -9.29829e+15 4.28303e+16 0.00000e+00 4.34442e-01 9.43157e-02 0.00000e+00
-7.43558e-06 3.42342e-05 0.00000e+00 -9.29829e+15 4.28303e+16 0.00000e+00 2.90923e-01 6.31582e-02 0.00000e+00
-8.36541e-06 3.85173e-05 0.00000e+00 -9.29829e+15 4.28303e+16 0.00000e+00 2.04259e-01 4.43438e-02 0.00000e+00
-9.29524e-06 4.28003e-05 0.00000e+00 -9.29829e+15 4.28303e+16 0.00000e+00 1.48867e-01 3.23184e-02 0.00000e+00
