0.00000e+00 1.00000e-10 0.00000e+00 0.00000e+00 0.00000e+00 0.00000e+00 0.00000e+00 0.00000e+00 0.00000e+00
0.00000e+00 1.00000e-10 0.00000e+00 0.00000e+00 -4.87046e+05 0.00000e+00 0.00000e+00 -4.43669e-03 0.00000e+00
0.00000e+00 9.99999e-11 0.00000e+00 0.00000e+00 -9.74092e+05 0.00000e+00 0.00000e+00 -4.43670e-03 0.00000e+00
0.00000e+00 9.99998e-11 0.00000e+00 0.00000e+00 -1.46114e+06 0.00000e+00 0.00000e+00 -4.43671e-03 0.00000e+00
0.00000e+00 9.99996e-11 0.00000e+00 0.00000e+00 -1.94819e+06 0.00000e+00 0.00000e+00 -4.43672e-03 0.00000e+00
0.00000e+00 9.99994e-11 0.00000e+00 0.00000e+00 -2.43524e+06 0.00000e+00 0.00000e+00 -4.43674e-03 0.00000e+00
0.00000e+00 9.99991e-11 0.00000e+00 0.00000e+00 -2.92229e+06 0.00000e+00 0.00000e+00 -4.43677e-03 0.00000e+00
0.00000e+00 9.99988e-11 0.00000e+00 0.00000e+00 -3.40935e+06 0.00000e+00 0.00000e+00 -4.43679e-03 0.00000e+00
0.00000e+00 9.99984e-11 0.00000e+00 0.00000e+00 -3.89641e+06 0.00000e+00 0.00000e+00 -4.43683e-03 0.00000e+00
0.00000e+00 9.99980e-11 0.00000e+00 0.00000e+00 -4.38347e+06 0.00000e+00 0.00000e+00 -4.43686e-03 0.00000e+00
0.00000e+00 9.99976e-11 0.00000e+00 0.00000e+00 -4.87054e+06 0.00000e+00 0.00000e+00 -4.43690e-03 0.00000e+00
