0.00000e+00 -5.63590e-16 0.00000e+00 -1.49900e+03 0.00000e+00 0.00000e+00 0.00000e+00 0.00000e+00 0.00000e+00
4.90054e-08 -1.32601e-06 0.00000e+00 4.87626e+14 -1.33340e+16 0.00000e+00 -7.73282e+01 -2.82790e+00 0.00000e+00
9.77677e-08 -2.65941e-06 0.00000e+00 4.87623e+14 -1.33340e+16 0.00000e+00 -9.57924e+00 -3.50312e-01 0.00000e+00
1.46530e-07 -3.99281e-06 0.00000e+00 4.87622e+14 -1.33340e+16 0.00000e+00 -2.82979e+00 -1.03485e-01 0.00000e+00
1.95292e-07 -5.32620e-06 0.00000e+00 4.87622e+14 -1.33340e+16 0.00000e+00 -1.19203e+00 -4.35923e-02 0.00000e+00
2.44054e-07 -6.65960e-06 0.00000e+00 4.87622e+14 -1.33340e+16 0.00000e+00 -6.09770e-01 -2.22992e-02 0.00000e+00
2.92816e-07 -7.99300e-06 0.00000e+00 4.87622e+14 -1.33340e+16 0.00000e+00 -3.52665e-01 -1.28969e-02 0.00000e+00
3.41579e-07 -9.32640e-06 0.00000e+00 4.87622e+14 -1.33340e+16 0.00000e+00 -2.21991e-01 -8.11818e-03 0.00000e+00
3.90341e-07 -1.06598e-05 0.00000e+00 4.87622e+14 -1.33340e+16 0.00000e+00 -1.48669e-01 -5.43680e-03 0.00000e+00
4.39103e-07 -1.19932e-05 0.00000e+00 4.87622e+14 -1.33340e+16 0.00000e+00 -1.04389e-01 -3.81749e-03 0.00000e+00
4.87865e-07 -1.33266e-05 0.00000e+00 4.87622e+14 -1.33340e+16 0.00000e+00 -7.60844e-02 -2.78239e-03 0.00000e+00
