0.00000e+00 -5.63590e-15 0.00000e+00 -1.49900e+08 0.00000e+00 0.00000e+00 0.00000e+00 0.00000e+00 0.00000e+00
1.38171e-06 2.76010e-06 0.00000e+00 1.39602e+16 2.77504e+16 0.00000e+00 3.52518e+02 -1.77339e+02 0.00000e+00
2.77773e-06 5.53513e-06 0.00000e+00 1.39602e+16 2.77504e+16 0.00000e+00 4.35933e+01 -2.19302e+01 0.00000e+00
4.17376e-06 8.31017e-06 0.00000e+00 1.39602e+16 2.77504e+16 0.00000e+00 1.28704e+01 -6.47464e+00 0.00000e+00
5.56978e-06 1.10852e-05 0.00000e+00 1.39602e+16 2.77504e+16 0.00000e+00 5.42000e+00 -2.72661e+00 0.00000e+00
6.96581e-06 1.38603e-05 0.00000e+00 1.39602e+16 2.77504e+16 0.00000e+00 2.77207e+00 -1.39453e+00 0.00000e+00
8.36183e-06 1.66353e-05 0.00000e+00 1.39602e+16 2.77504e+16 0.00000e+00 1.60306e+00 -8.06444e-01 0.00000e+00
9.75786e-06 1.94103e-05 0.00000e+00 1.39602e+16 2.77504e+16 0.00000e+00 1.00899e+00 -5.07589e-01 0.00000e+00
1.11539e-05 2.21854e-05 0.00000e+00 1.39602e+16 2.77504e+16 0.00000e+00 6.75688e-01 -3.39915e-01 0.00000e+00
1.25499e-05 2.49604e-05 0.00000e+00 1.39602e+16 2.77504e+16 0.00000e+00 4.74416e-01 -2.38662e-01 0.00000e+00
1.39459e-05 2.77354e-05 0.00000e+00 1.39602e+16 2.77504e+16 0.00000e+00 3.45767e-01 -1.73943e-01 0.00000e+00
1.53420e-05 3.05105e-05 0.00000e+00 1.39602e+16 2.77504e+16 0.00000e+00 2.59729e-01 -1.30661e-01 0.00000e+00
1.67380e-05 3.32855e-05 0.00000e+00 1.39602e+16 2.77504e+16 0.00000e+00 2.00025e-01 -1.00626e-01 0.00000e+00
1.81340e-05 3.60606e-05 0.00000e+00 1.39602e+16 2.77504e+16 0.00000e+00 1.57304e-01 -7.91339e-02 0.00000e+00
1.95300e-05 3.88356e-05 0.00000e+00 1.39602e+16 2.77504e+16 0.00000e+00 1.25931e-01 -6.33516e-02 0.00000e+00
2.09261e-05 4.16106e-05 0.00000e+00 1.39602e+16 2.77504e+16 0.00000e+00 1.02376e-01 -5.15019e-02 0.00000e+00
2.23221e-05 4.43857e-05 0.00000e+00 1.39602e+16 2.77504e+16 0.00000e+00 8.43480e-02 -4.24325e-02 0.00000e+00
2.37181e-05 4.71607e-05 0.00000e+00 1.39602e+16 2.77504e+16 0.00000e+00 7.03159e-02 -3.53735e-02 0.00000e+00
2.51141e-05 4.99357e-05 0.00000e+00 1.39602e+16 2.77504e+16 0.00000e+00 5.92315e-02 -2.97973e-02 0.00000e+00
2.65102e-05 5.27108e-05 0.00000e+00 1.39602e+16 2.77504e+16 0.00000e+00 5.03596e-02 -2.53341e-02 0.00000e+00
2.79062e-05 5.54858e-05 0.00000e+00 1.39602e+16 2.77504e+16 0.00000e+00 4.31746e-02 -2.17196e-02 0.00000e+00
2.93022e-05 5.82609e-05 0.00000e+00 1.39602e+16 2.77504e+16 0.00000e+00 3.72939e-02 -1.87613e-02 0.00000e+00
3.06982e-05 6.10359e-05 0.00000e+00 1.39602e+16 2.77504e+16 0.00000e+00 3.24346e-02 -1.63167e-02 0.00000e+00
3.20943e-05 6.38109e-05 0.00000e+00 1.39602e+16 2.77504e+16 0.00000e+00 2.83840e-02 -1.42790e-02 0.00000e+00
3.34903e-05 6.65860e-05 0.00000e+00 1.39602e+16 2.77504e+16 0.00000e+00 2.49808e-02 -1.25670e-02 0.00000e+00
3.48863e-05 6.93610e-05 0.00000e+00 1.39602e+16 2.77504e+16 0.00000e+00 2.21007e-02 -1.11181e-02 0.00000e+00
3.62823e-05 7.21361e-05 0.00000e+00 1.39602e+16 2.77504e+16 0.00000e+00 1.96468e-02 -9.88360e-03 0.00000e+00
3.76784e-05 7.49111e-05 0.00000e+00 1.39602e+16 2.77504e+16 0.00000e+00 1.75431e-02 -8.82532e-03 0.00000e+00
3.90744e-05 7.76861e-05 0.00000e+00 1.39602e+16 2.77504e+16 0.00000e+00 1.57294e-02 -7.91290e-03 0.00000e+00
4.04704e-05 8.04612e-05 0.00000e+00 1.39602e+16 2.77504e+16 0.00000e+00 1.41573e-02 -7.12203e-03 0.00000e+00
4.18664e-05 8.32362e-05 0.00000e+00 1.39602e+16 2.77504e+16 0.00000e+00 1.27879e-02 -6.43315e-03 0.00000e+00
4.32625e-05 8.60112e-05 0.00000e+00 1.39602e+16 2.77504e+16 0.00000e+00 1.15896e-02 -5.83032e-03 0.00000e+00
4.46585e-05 8.87863e-05 0.00000e+00 1.39602e+16 2.77504e+16 0.00000e+00 1.05364e-02 -5.30052e-03 0.00000e+00
4.60545e-05 9.15613e-05 0.00000e+00 1.39602e+16 2.77504e+16 0.00000e+00 9.60712e-03 -4.83301e-03 0.00000e+00
4.74505e-05 9.43364e-05 0.00000e+00 1.39602e+16 2.77504e+16 0.00000e+00 8.78395e-03 -4.41890e-03 0.00000e+00
4.88466e-05 9.71114e-05 0.00000e+00 1.39602e+16 2.77504e+16 0.00000e+00 8.05221e-03 -4.05078e-03 0.00000e+00
5.02426e-05 9.98864e-05 0.00000e+00 1.39602e+16 2.77504e+16 0.00000e+00 7.39953e-03 -3.72244e-03 0.00000e+00
5.16386e-05 1.02661e-04 0.00000e+00 1.39602e+16 2.77504e+16 0.00000e+00 6.81553e-03 -3.42865e-03 0.00000e+00
5.30346e-05 1.05437e-04 0.00000e+00 1.39602e+16 2.77504e+16 0.00000e+00 6.29140e-03 -3.16498e-03 0.00000e+00
5.44306e-05 1.08212e-04 0.00000e+00 1.39602e+16 2.77504e+16 0.00000e+00 5.81966e-03 -2.92767e-03 0.00000e+00
5.58267e-05 1.10987e-04 0.00000e+00 1.39602e+16 2.77504e+16 0.00000e+00 5.39394e-03 -2.71350e-03 0.00000e+00
5.72227e-05 1.13762e-04 0.00000e+00 1.39602e+16 2.77504e+16 0.00000e+00 5.00874e-03 -2.51972e-03 0.00000e+00
5.86187e-05 1.16537e-04 0.00000e+00 1.39602e+16 2.77504e+16 0.00000e+00 4.65937e-03 -2.34396e-03 0.00000e+00
6.00147e-05 1.19312e-04 0.00000e+00 1.39602e+16 2.77504e+16 0.00000e+00 4.34174e-03 -2.18418e-03 0.00000e+00
6.14108e-05 1.22087e-04 0.00000e+00 1.39602e+16 2.77504e+16 0.00000e+00 4.05235e-03 -2.03859e-03 0.00000e+00
6.28068e-05 1.24862e-04 0.00000e+00 1.39602e+16 2.77504e+16 0.00000e+00 3.78811e-03 -1.90566e-03 0.00000e+00
6.42028e-05 1.27637e-04 0.00000e+00 1.39602e+16 2.77504e+16 0.00000e+00 3.54635e-03 -1.78405e-03 0.00000e+00
6.55988e-05 1.30412e-04 0.00000e+00 1.39602e+16 2.77504e+16 0.00000e+00 3.32474e-03 -1.67256e-03 0.00000e+00
6.69949e-05 1.33187e-04 0.00000e+00 1.39602e+16 2.77504e+16 0.00000e+00 3.12121e-03 -1.57017e-03 0.00000e+00
6.83909e-05 1.35962e-04 0.00000e+00 1.39602e+16 2.77504e+16 0.00000e+00 2.93396e-03 -1.47597e-03 0.00000e+00
6.97869e-05 1.38737e-04 0.00000e+00 1.39602e+16 2.77504e+16 0.00000e+00 2.76140e-03 -1.38916e-03 0.00000e+00
7.11829e-05 1.41512e-04 0.00000e+00 1.39602e+16 2.77504e+16 0.00000e+00 2.60211e-03 -1.30903e-03 0.00000e+00
7.25790e-05 1.44287e-04 0.00000e+00 1.39602e+16 2.77504e+16 0.00000e+00 2.45483e-03 -1.23494e-03 0.00000e+00
7.39750e-05 1.47062e-04 0.00000e+00 1.39602e+16 2.77504e+16 0.00000e+00 2.31847e-03 -1.16634e-03 0.00000e+00
7.53710e-05 1.49837e-04 0.00000e+00 1.39602e+16 2.77504e+16 0.00000e+00 2.19202e-03 -1.10273e-03 0.00000e+00
7.67670e-05 1.52612e-04 0.00000e+00 1.39602e+16 2.77504e+16 0.00000e+00 2.07460e-03 -1.04366e-03 0.00000e+00
7.81631e-05 1.55387e-04 0.00000e+00 1.39602e+16 2.77504e+16 0.00000e+00 1.96542e-03 -9.88734e-04 0.00000e+00
7.95591e-05 1.58162e-04 0.00000e+00 1.39602e+16 2.77504e+16 0.00000e+00 1.86377e-03 -9.37597e-04 0.00000e+00
8.09551e-05 1.60937e-04 0.00000e+00 1.39602e+16 2.77504e+16 0.00000e+00 1.76901e-03 -8.89926e-04 0.00000e+00
8.23511e-05 1.63712e-04 0.00000e+00 1.39602e+16 2.77504e+16 0.00000e+00 1.68056e-03 -8.45433e-04 0.00000e+00
8.37472e-05 1.66487e-04 0.00000e+00 1.39602e+16 2.77504e+16 0.00000e+00 1.59792e-03 -8.03857e-04 0.00000e+00
8.51432e-05 1.69262e-04 0.00000e+00 1.39602e+16 2.77504e+16 0.00000e+00 1.52060e-03 -7.64963e-04 0.00000e+00
8.65392e-05 1.72037e-04 0.00000e+00 1.39602e+16 2.77504e+16 0.00000e+00 1.44820e-03 -7.28538e-04 0.00000e+00
8.79352e-05 1.74812e-04 0.00000e+00 1.39602e+16 2.77504e+16 0.00000e+00 1.38032e-03 -6.94390e-04 0.00000e+00
8.93313e-05 1.77588e-04 0.00000e+00 1.39602e+16 2.77504e+16 0.00000e+00 1.31661e-03 -6.62343e-04 0.00000e+00
9.07273e-05 1.80363e-04 0.00000e+00 1.39602e+16 2.77504e+16 0.00000e+00 1.25677e-03 -6.32238e-04 0.00000e+00
9.21233e-05 1.83138e-04 0.00000e+00 1.39602e+16 2.77504e+16 0.00000e+00 1.20050e-03 -6.03930e-04 0.00000e+00
9.35193e-05 1.85913e-04 0.00000e+00 1.39602e+16 2.77504e+16 0.00000e+00 1.14754e-03 -5.77287e-04 0.00000e+00
9.49154e-05 1.88688e-04 0.00000e+00 1.39602e+16 2.77504e+16 0.00000e+00 1.09765e-03 -5.52189e-04 0.00000e+00
9.63114e-05 1.91463e-04 0.00000e+00 1.39602e+16 2.77504e+16 0.00000e+00 1.05061e-03 -5.28524e-04 0.00000e+00
9.77074e-05 1.94238e-04 0.00000e+00 1.39602e+16 2.77504e+16 0.00000e+00 1.00622e-03 -5.06193e-04 0.00000e+00
9.91034e-05 1.97013e-04 0.00000e+00 1.39602e+16 2.77504e+16 0.00000e+00 9.64293e-04 -4.85102e-04 0.00000e+00
1.00499e-04 1.99788e-04 0.00000e+00 1.39602e+16 2.77504e+16 0.00000e+00 9.24666e-04 -4.65167e-04 0.00000e+00
1.01895e-04 2.02563e-04 0.00000e+00 1.39602e+16 2.77504e+16 0.00000e+00 8.87181e-04 -4.46310e-04 0.00000e+00
1.03292e-04 2.05338e-04 0.00000e+00 1.39602e+16 2.77504e+16 0.00000e+00 8.51694e-04 -4.28458e-04 0.00000e+00
1.04688e-04 2.08113e-04 0.00000e+00 1.39602e+16 2.77504e+16 0.00000e+00 8.18076e-04 -4.11545e-04 0.00000e+00
1.06084e-04 2.10888e-04 0.00000e+00 1.39602e+16 2.77504e+16 0.00000e+00 7.86203e-04 -3.95511e-04 0.00000e+00
1.07480e-04 2.13663e-04 0.00000e+00 1.39602e+16 2.77504e+16 0.00000e+00 7.55965e-04 -3.80300e-04 0.00000e+00
1.08876e-04 2.16438e-04 0.00000e+00 1.39602e+16 2.77504e+16 0.00000e+00 7.27258e-04 -3.65858e-04 0.00000e+00
1.10272e-04 2.19213e-04 0.00000e+00 1.39602e+16 2.77504e+16 0.00000e+00 6.99987e-04 -3.52139e-04 0.00000e+00
1.11668e-04 2.21988e-04 0.00000e+00 1.39602e+16 2.77504e+16 0.00000e+00 6.74062e-04 -3.39097e-04 0.00000e+00
1.13064e-04 2.24763e-04 0.00000e+00 1.39602e+16 2.77504e+16 0.00000e+00 6.49401e-04 -3.26691e-04 0.00000e+00
1.14460e-04 2.27538e-04 0.00000e+00 1.39602e+16 2.77504e+16 0.00000e+00 6.25929e-04 -3.14883e-04 0.00000e+00
1.15856e-04 2.30313e-04 0.00000e+00 1.39602e+16 2.77504e+16 0.00000e+00 6.03575e-04 -3.03637e-04 0.00000e+00
1.17252e-04 2.33088e-04 0.00000e+00 1.39602e+16 2.77504e+16 0.00000e+00 5.82272e-04 -2.92921e-04 0.00000e+00
1.18648e-04 2.35863e-04 0.00000e+00 1.39602e+16 2.77504e+16 0.00000e+00 5.61961e-04 -2.82703e-04 0.00000e+00
1.20044e-04 2.38638e-04 0.00000e+00 1.39602e+16 2.77504e+16 0.00000e+00 5.42583e-04 -2.72954e-04 0.00000e+00
1.21440e-04 2.41413e-04 0.00000e+00 1.39602e+16 2.77504e+16 0.00000e+00 5.24086e-04 -2.63649e-04 0.00000e+00
1.22836e-04 2.44188e-04 0.00000e+00 1.39602e+16 2.77504e+16 0.00000e+00 5.06420e-04 -2.54762e-04 0.00000e+00
1.24232e-04 2.46963e-04 0.00000e+00 1.39602e+16 2.77504e+16 0.00000e+00 4.89540e-04 -2.46270e-04 0.00000e+00
1.25628e-04 2.49739e-04 0.00000e+00 1.39602e+16 2.77504e+16 0.00000e+00 4.73401e-04 -2.38151e-04 0.00000e+00
1.27024e-04 2.52514e-04 0.00000e+00 1.39602e+16 2.77504e+16 0.00000e+00 4.57964e-04 -2.30386e-04 0.00000e+00
1.28420e-04 2.55289e-04 0.00000e+00 1.39602e+16 2.77504e+16 0.00000e+00 4.43191e-04 -2.22954e-04 0.00000e+00
1.29816e-04 2.58064e-04 0.00000e+00 1.39602e+16 2.77504e+16 0.00000e+00 4.29047e-04 -2.15838e-04 0.00000e+00
1.31212e-04 2.60839e-04 0.00000e+00 1.39602e+16 2.77504e+16 0.00000e+00 4.15498e-04 -2.09022e-04 0.00000e+00
1.32608e-04 2.63614e-04 0.00000e+00 1.39602e+16 2.77504e+16 0.00000e+00 4.02513e-04 -2.02490e-04 0.00000e+00
1.34004e-04 2.66389e-04 0.00000e+00 1.39602e+16 2.77504e+16 0.00000e+00 3.90065e-04 -1.96228e-04 0.00000e+00
1.35400e-04 2.69164e-04 0.00000e+00 1.39602e+16 2.77504e+16 0.00000e+00 3.78124e-04 -1.90221e-04 0.00000e+00
1.36796e-04 2.71939e-04 0.00000e+00 1.39602e+16 2.77504e+16 0.00000e+00 3.66665e-04 -1.84457e-04 0.00000e+00
1.38192e-04 2.74714e-04 0.00000e+00 1.39602e+16 2.77504e+16 0.00000e+00 3.55665e-04 -1.78923e-04 0.00000e+00
1.39588e-04 2.77489e-04 0.00000e+00 1.39602e+16 2.77504e+16 0.00000e+00 3.45101e-04 -1.73608e-04 0.00000e+00
