0.00000e+00 -5.63590e-29 0.00000e+00 -1.49900e+03 0.00000e+00 0.00000e+00 0.00000e+00 0.00000e+00 0.00000e+00
-1.49900e-19 1.53259e+17 0.00000e+00 -1.49900e+03 1.53336e+39 0.00000e+00 9.69531e-35 -1.89268e-57 0.00000e+00
-2.99800e-19 3.06595e+17 0.00000e+00 -1.49900e+03 1.53336e+39 0.00000e+00 1.20919e-35 -4.72459e-58 0.00000e+00
-4.49700e-19 4.59930e+17 0.00000e+00 -1.49900e+03 1.53336e+39 0.00000e+00 3.58009e-36 -2.09877e-58 0.00000e+00
-5.99600e-19 6.13266e+17 0.00000e+00 -1.49900e+03 1.53336e+39 0.00000e+00 1.50978e-36 -1.18026e-58 0.00000e+00
-7.49500e-19 7.66602e+17 0.00000e+00 -1.49900e+03 1.53336e+39 0.00000e+00 7.72835e-37 -7.55254e-59 0.00000e+00
-8.99400e-19 9.19938e+17 0.00000e+00 -1.49900e+03 1.53336e+39 0.00000e+00 4.47175e-37 -5.24429e-59 0.00000e+00
-1.04930e-18 1.07327e+18 0.00000e+00 -1.49900e+03 1.53336e+39 0.00000e+00 2.81573e-37 -3.85267e-59 0.00000e+00
-1.19920e-18 1.22661e+18 0.00000e+00 -1.49900e+03 1.53336e+39 0.00000e+00 1.88617e-37 -2.94955e-59 0.00000e+00
-1.34910e-18 1.37994e+18 0.00000e+00 -1.49900e+03 1.53336e+39 0.00000e+00 1.32463e-37 -2.33041e-59 0.00000e+00
-1.49900e-18 1.53328e+18 0.00000e+00 -1.49900e+03 1.53336e+39 0.00000e+00 9.65609e-38 -1.88757e-59 0.00000e+00
